[('PBTC', 0.5), ('TREND', 0.5), ('MEAN', 1.5), ('MEDIAN', 0.5), ('MEAN', 0.5)] [[169.   0.   0.   0.   1.]]
[('MEAN', 0.5)] [[36.  0.  0.  0.  0.]]
[('MEDIAN', 0.5), ('MEDIAN', 1.5), ('MEAN', 0.5)] [[19.  0.  0.  0.  0.]]
[('MEAN', 0.5)] [[40.  1.  0.  0.  0.]]
[('MEDIAN', 1.5)] [[22.  0.  0.  0.  0.]]
[('MEAN', 1.5)] [[166.   0.   0.   0.   0.]]
[('TREND', 0.5), ('TREND', 1.5), ('MEDIAN', 2.5), ('MEAN', 0.5), ('MEDIAN', 0.5)] [[36.  1.  0.  0.  0.]]
[('MEDIAN', 0.5)] [[11.  0.  0.  0.  0.]] 
[('MEAN', 0.5), ('MEAN', 1.5), ('MEDIAN', 0.5)] [[11.  1.  0.  0.  0.]]
[('MEDIAN', 0.5), ('MEDIAN', 1.5)] [[16.  1.  0.  0.  0.]]
[('MEDIAN', 1.5)] [[14.  1.  0.  0.  0.]]
[('MEAN', 1.5), ('MEAN', 2.5)] [[23.  0.  0.  0.  0.]]
[('MEDIAN', 2.5), ('MEAN', 1.5)] [[12.  0.  0.  0.  0.]]
[('MEAN', 1.5), ('MEAN', 2.5), ('MEDIAN', 3.5)] [[22.  1.  0.  0.  0.]]
[('MEAN', 2.5), ('MEDIAN', 3.5), ('MEAN', 3.5)] [[38.  1.  0.  0.  0.]]
[('MEAN', 3.5)] [[22.  0.  0.  0.  0.]]
[('MEDIAN', 3.5), ('MEAN', 3.5)] [[18.  0.  0.  0.  0.]]
[('MEAN', 3.5)] [[70.  3.  0.  0.  0.]]
[('MEAN', 3.5)] [[12.  1.  0.  0.  0.]]
[('PBTC', 0.5), ('PBTC', 2.5), ('PBTC', 1.5), ('TREND', 2.5), ('MEDIAN', 1.5), ('MEAN', 0.5), ('MEDIAN', 0.5), ('TREND', 1.5), ('TREND', 0.5)] [[ 1. 37.  0.  0.  0.]]
[('TREND', 0.5)] [[ 1. 42.  0.  0.  0.]]
[('MEAN', 0.5), ('TREND', 0.5), ('MEAN', 1.5), ('MEDIAN', 0.5)] [[ 0. 12.  1.  0.  0.]]
[('MEDIAN', 0.5)] [[ 0. 13.  0.  0.  0.]]
[('TREND', 0.5), ('TREND', 1.5), ('MEDIAN', 0.5), ('MEAN', 1.5)] [[ 0. 12.  2.  0.  0.]]
[('MEDIAN', 0.5), ('MEAN', 1.5)] [[ 4. 24.  2.  0.  0.]]
[('MEDIAN', 0.5)] [[ 0. 16.  1.  0.  0.]]
[('MEAN', 2.5)] [[ 0. 49.  0.  0.  0.]]
[('TREND', 0.5), ('MEAN', 2.5), ('MEDIAN', 2.5), ('MEAN', 1.5)] [[ 1. 15.  0.  0.  0.]]
[('MEAN', 1.5)] [[ 1. 19.  0.  0.  0.]]
[('MEDIAN', 2.5)] [[ 0. 39.  0.  0.  0.]]
[('MEDIAN', 2.5), ('MEAN', 3.5)] [[ 2. 12.  0.  0.  0.]]
[('MEAN', 3.5)] [[ 1. 11.  0.  0.  0.]]
[('MEDIAN', 3.5), ('MEAN', 3.5)] [[ 0. 15.  0.  0.  0.]]
[('MEAN', 3.5)] [[ 1. 16.  0.  0.  0.]]
[('TREND', 1.5), ('MEDIAN', 3.5), ('MEAN', 2.5)] [[ 0. 53.  0.  0.  0.]]
[('MEAN', 2.5), ('MEAN', 3.5), ('MEDIAN', 2.5)] [[ 0. 13.  0.  0.  0.]]
[('MEDIAN', 2.5)] [[ 0. 50.  1.  0.  0.]]
[('MEAN', 3.5)] [[ 0. 21.  0.  0.  0.]]
[('MEAN', 2.5), ('MEAN', 3.5)] [[ 0. 14.  1.  0.  0.]]
[('MEAN', 3.5)] [[ 0. 94.  5.  0.  0.]]
[('MEDIAN', 0.5)] [[ 0. 19.  0.  0.  0.]]
[('MEDIAN', 3.5)] [[ 0. 20.  7.  0.  0.]]
[('MEDIAN', 1.5)] [[ 0.  0. 63.  0.  0.]]
[('MEDIAN', 2.5), ('MEAN', 3.5)] [[ 0.  1. 12.  2.  0.]]
[('MEAN', 3.5)] [[ 0.  3. 24.  0.  0.]]
[('TREND', 2.5), ('MEAN', 0.5), ('TREND', 3.5), ('MEDIAN', 0.5)] [[ 0.  0. 32.  1.  0.]]
[('TREND', 3.5)] [[ 0.  0. 24.  0.  0.]]
[('MEAN', 0.5), ('MEAN', 3.5), ('MEDIAN', 3.5), ('TREND', 3.5), ('MEDIAN', 0.5)] [[ 0.  0. 12.  0.  0.]]
[('MEDIAN', 0.5), ('MEAN', 1.5), ('MEDIAN', 2.5), ('MEDIAN', 1.5)] [[ 0.  0. 18.  2.  0.]]
[('MEDIAN', 1.5)] [[ 0.  0. 36.  0.  0.]]
[('MEDIAN', 1.5), ('MEDIAN', 2.5)] [[ 0.  1. 24.  2.  0.]]
[('MEDIAN', 2.5)] [[ 0.  1. 33.  2.  0.]]
[('MEDIAN', 1.5), ('MEAN', 1.5)] [[ 0.  0. 16.  0.  0.]]
[('MEAN', 1.5)] [[ 0.  0. 16.  1.  0.]]
[('MEAN', 1.5)] [[ 0.  0. 24.  2.  0.]]
[('MEDIAN', 2.5)] [[ 0.  0. 32.  1.  0.]]
[('MEDIAN', 2.5), ('TREND', 3.5)] [[ 0.  2. 31.  2.  0.]]
[('TREND', 3.5)] [[ 0.  0. 13.  2.  0.]]
[('MEDIAN', 3.5), ('TREND', 3.5)] [[  0.   5. 103.   2.   0.]]
[('TREND', 3.5)] [[ 0.  1. 36.  0.  0.]]
[('TREND', 1.5), ('MEDIAN', 2.5), ('MEAN', 2.5), ('MEAN', 1.5), ('MEDIAN', 1.5), ('MEDIAN', 0.5), ('MEAN', 0.5)] [[ 0.  0.  1. 13.  0.]]
[('MEAN', 0.5)] [[ 0.  0.  1. 26.  1.]]
[('MEDIAN', 1.5)] [[ 0.  0.  0. 28.  0.]]
[('MEDIAN', 1.5)] [[ 0.  0.  2. 24.  1.]]
[('MEAN', 1.5)] [[ 0.  0.  1. 37.  0.]]
[('MEAN', 2.5)] [[ 0.  0.  1. 20.  0.]]
[('MEDIAN', 3.5)] [[ 0.  0.  0. 21.  0.]]
[('MEDIAN', 3.5)] [[ 0.  0.  2. 24.  0.]]
[('TREND', 2.5), ('MEAN', 1.5), ('MEAN', 0.5), ('MEDIAN', 0.5)] [[ 0.  0.  1. 17.  2.]]
[('MEAN', 0.5), ('MEDIAN', 0.5)] [[ 0.  0.  1. 19.  0.]]
[('MEDIAN', 0.5), ('MEDIAN', 1.5)] [[ 0.  0.  0. 15.  1.]]
[('MEDIAN', 1.5), ('MEDIAN', 2.5)] [[ 0.  0.  2. 26.  0.]]
[('MEDIAN', 2.5), ('MEDIAN', 3.5)] [[ 0.  0.  1. 19.  0.]]
[('MEDIAN', 2.5), ('MEDIAN', 3.5), ('MEAN', 3.5)] [[ 0.  0.  3. 22.  2.]]
[('MEAN', 3.5)] [[ 0.  0.  3. 23.  0.]]
[('TREND', 3.5), ('MEAN', 2.5), ('MEDIAN', 2.5), ('MEDIAN', 1.5), ('MEDIAN', 0.5), ('MEAN', 0.5)] [[ 0.  1.  0. 30.  2.]]
[('MEAN', 0.5), ('MEAN', 1.5)] [[ 0.  0.  0. 12.  1.]]
[('MEAN', 0.5), ('MEAN', 1.5)] [[ 0.  0.  1. 33.  1.]]
[('MEAN', 1.5)] [[ 0.  0.  0. 16.  1.]]
[('MEAN', 0.5), ('MEAN', 1.5)] [[ 0.  0.  1. 14.  0.]]
[('MEAN', 1.5)] [[ 0.  0.  3. 29.  0.]]
[('MEDIAN', 2.5)] [[ 0.  0.  0. 33.  0.]]
[('MEAN', 2.5), ('MEDIAN', 2.5)] [[ 0.  0.  0. 18.  0.]]
[('MEDIAN', 2.5), ('MEAN', 3.5), ('MEDIAN', 3.5)] [[ 0.  0.  1. 29.  3.]]
[('MEDIAN', 3.5)] [[ 0.  0.  0. 15.  2.]]
[('MEDIAN', 3.5)] [[ 0.  0.  1. 47.  5.]]
[('PBTC', 3.5), ('TREND', 2.5), ('TREND', 1.5), ('MEAN', 1.5), ('MEDIAN', 0.5), ('TREND', 0.5), ('MEAN', 0.5)] [[ 0.  0.  0.  1. 35.]]
[('MEAN', 0.5)] [[ 0.  0.  0.  1. 25.]]
[('TREND', 0.5)] [[ 0.  0.  0.  0. 43.]]
[('MEDIAN', 0.5), ('TREND', 0.5)] [[ 0.  0.  0.  0. 32.]]
[('MEAN', 0.5), ('MEDIAN', 1.5)] [[ 0.  0.  0.  2. 21.]]
[('MEAN', 1.5)] [[  0.   0.   0.   0. 113.]]
[('TREND', 1.5), ('MEDIAN', 2.5), ('MEAN', 1.5)] [[ 0.  0.  0.  0. 30.]]
[('MEDIAN', 2.5), ('MEDIAN', 3.5)] [[ 0.  0.  0.  0. 50.]]
[('MEAN', 2.5)] [[ 0.  0.  0.  1. 16.]]
[('MEAN', 3.5)] [[ 0.  0.  0.  0. 15.]]
[('TREND', 2.5), ('MEDIAN', 0.5), ('MEAN', 0.5), ('TREND', 3.5)] [[ 0.  0.  0.  4. 12.]]
[('TREND', 3.5)] [[ 0.  0.  0.  2. 14.]]
[('TREND', 3.5), ('MEAN', 1.5)] [[ 0.  0.  0.  2. 11.]]
[('MEAN', 0.5), ('TREND', 3.5), ('MEDIAN', 1.5)] [[ 0.  0.  0.  2. 20.]]
[('TREND', 3.5), ('MEDIAN', 1.5)] [[ 0.  0.  0.  1. 28.]]
[('MEDIAN', 1.5)] [[ 0.  0.  0.  1. 17.]]
[('MEAN', 1.5)] [[ 0.  0.  0.  0. 72.]]
[('MEDIAN', 2.5), ('MEDIAN', 3.5), ('TREND', 3.5)] [[ 0.  0.  0.  0. 11.]]
[('TREND', 3.5)] [[ 0.  0.  0.  3. 32.]]
[('MEDIAN', 2.5)] [[ 0.  0.  0.  1. 15.]]
[('MEDIAN', 3.5)] [[ 0.  0.  0.  1. 51.]]